非ブロック化
5.008075,5.138031,5.745338,5.672768,5.405792,5.545939,4.965323,5.797542,4.796937,5.310556
32
1.972343,2.011781,2.008741,2.008281,2.015383,2.012674,2.004494,2.011734,2.006811,2.031372
64
2.291177,2.277120,2.266516,2.262474,2.265267,2.256125,2.274966,2.254656,2.263410,2.280410
16
1.237929,1.256998,1.244995,1.256772,1.247950,1.252900,1.251493,1.243298,1.236127,1.236568
4
1.749933,1.317782,1.474440,1.699003,1.393896,1.596637,1.686388,1.552596,1.683948,1.930901



並行処理
2(ブロック数)
0.538510,0.614265,0.621083,0.580486,0.615600,0.801907,0.613296,0.579524,0.673912,0.607117
4
0.297070,0.294669,0.267188,0.292487,0.293936,0.288135,0.286155,0.268612,0.262747,0.283285
8
0.292470,0.304378,0.318743,0.293219,0.286484,0.311588,0.295695,0.302038,0.302038,0.320156


omp thread(ブロック4固定)

2 ave(0.722836)
0.751652,0.675573,0.723240,0.725325,0.723687,0.746315,0.691523,0.731982,0.705840,0.753222
4　ave(0.332844)
0.340997,0.316554,0.325676,0.319324,0.346054,0.343452,0.330146,0.350330,0.326496,0.329408
8 ave(0.294514)
0.292242,0.301758,0.283710,0.296100,0.297968,0.277428,0.297706,0.297107,0.305192,0.295930
16 ave(0.319918)
0.339916,0.324123,0.318207,0.313926,0.322956,0.325604,0.315460,0.314219,0.309722,0.315048

pthread(ブロック4固定)

2 ave(0.174105)
0.175211,0.173394,0.174669,0.175170,0.173639,0.173868,0.172602,0.173181,0.174288,0.175030
4 ave(0.095901)
0.089507,0.094108,0.096269,0.100910,0.093604,0.101374,0.095601,0.094791,0.099740,0.093107
8 ave(0.084580)
0.082606,0.084854,0.083008,0.083786,0.084367,0.083492,0.084852,0.083814,0.086739,0.088286
16 ave ()
0.083626,0.083066,0.083299,0.082231,0.081285,0.082555,0.082486,0.090035,0.083197,0.080253